


Raw data about young tableaux, notes are terrible, please do not use.

p=2, the frequency of the sizes of the 2-quotient (right is larger). The rest of the data is similar.
NOTE: 1-49
[1]
[0, 2]
[1, 2]
[0, 0, 5]
[0, 2, 5]
[1, 0, 0, 10]
[0, 0, 5, 10]
[0, 2, 0, 0, 20]
[0, 0, 0, 10, 20]
[1, 0, 5, 0, 0, 36]
[0, 0, 0, 0, 20, 36]
[0, 2, 0, 10, 0, 0, 65]
[0, 0, 0, 0, 0, 36, 65]
[0, 0, 5, 0, 20, 0, 0, 110]
[1, 0, 0, 0, 0, 0, 65, 110]
[0, 0, 0, 10, 0, 36, 0, 0, 185]
[0, 2, 0, 0, 0, 0, 0, 110, 185]
[0, 0, 0, 0, 20, 0, 65, 0, 0, 300]
[0, 0, 5, 0, 0, 0, 0, 0, 185, 300]
[0, 0, 0, 0, 0, 36, 0, 110, 0, 0, 481]
[1, 0, 0, 10, 0, 0, 0, 0, 0, 300, 481]
[0, 0, 0, 0, 0, 0, 65, 0, 185, 0, 0, 752]
[0, 2, 0, 0, 20, 0, 0, 0, 0, 0, 481, 752]
[0, 0, 0, 0, 0, 0, 0, 110, 0, 300, 0, 0, 1165]
[0, 0, 5, 0, 0, 36, 0, 0, 0, 0, 0, 752, 1165]
[0, 0, 0, 0, 0, 0, 0, 0, 185, 0, 481, 0, 0, 1770]
[0, 0, 0, 10, 0, 0, 65, 0, 0, 0, 0, 0, 1165, 1770]
[1, 0, 0, 0, 0, 0, 0, 0, 0, 300, 0, 752, 0, 0, 2665]
[0, 0, 0, 0, 20, 0, 0, 110, 0, 0, 0, 0, 0, 1770, 2665]
[0, 2, 0, 0, 0, 0, 0, 0, 0, 0, 481, 0, 1165, 0, 0, 3956]
[0, 0, 0, 0, 0, 36, 0, 0, 185, 0, 0, 0, 0, 0, 2665, 3956]
[0, 0, 5, 0, 0, 0, 0, 0, 0, 0, 0, 752, 0, 1770, 0, 0, 5822]
[0, 0, 0, 0, 0, 0, 65, 0, 0, 300, 0, 0, 0, 0, 0, 3956, 5822]
[0, 0, 0, 10, 0, 0, 0, 0, 0, 0, 0, 0, 1165, 0, 2665, 0, 0, 8470]
[0, 0, 0, 0, 0, 0, 0, 110, 0, 0, 481, 0, 0, 0, 0, 0, 5822, 8470]
[1, 0, 0, 0, 20, 0, 0, 0, 0, 0, 0, 0, 0, 1770, 0, 3956, 0, 0, 12230]
[0, 0, 0, 0, 0, 0, 0, 0, 185, 0, 0, 752, 0, 0, 0, 0, 0, 8470, 12230]
[0, 2, 0, 0, 0, 36, 0, 0, 0, 0, 0, 0, 0, 0, 2665, 0, 5822, 0, 0, 17490]
[0, 0, 0, 0, 0, 0, 0, 0, 0, 300, 0, 0, 1165, 0, 0, 0, 0, 0, 12230, 17490]
[0, 0, 5, 0, 0, 0, 65, 0, 0, 0, 0, 0, 0, 0, 0, 3956, 0, 8470, 0, 0, 24842]
[0, 0, 0, 0, 0, 0, 0, 0, 0, 0, 481, 0, 0, 1770, 0, 0, 0, 0, 0, 17490, 24842]
[0, 0, 0, 10, 0, 0, 0, 110, 0, 0, 0, 0, 0, 0, 0, 0, 5822, 0, 12230, 0, 0, 35002]
[0, 0, 0, 0, 0, 0, 0, 0, 0, 0, 0, 752, 0, 0, 2665, 0, 0, 0, 0, 0, 24842, 35002]
[0, 0, 0, 0, 20, 0, 0, 0, 185, 0, 0, 0, 0, 0, 0, 0, 0, 8470, 0, 17490, 0, 0, 49010]
[1, 0, 0, 0, 0, 0, 0, 0, 0, 0, 0, 0, 1165, 0, 0, 3956, 0, 0, 0, 0, 0, 35002, 49010]
[0, 0, 0, 0, 0, 36, 0, 0, 0, 300, 0, 0, 0, 0, 0, 0, 0, 0, 12230, 0, 24842, 0, 0, 68150]
[0, 2, 0, 0, 0, 0, 0, 0, 0, 0, 0, 0, 0, 1770, 0, 0, 5822, 0, 0, 0, 0, 0, 49010, 68150]
[0, 0, 0, 0, 0, 0, 65, 0, 0, 0, 481, 0, 0, 0, 0, 0, 0, 0, 0, 17490, 0, 35002, 0, 0, 94235]
[0, 0, 5, 0, 0, 0, 0, 0, 0, 0, 0, 0, 0, 0, 2665, 0, 0, 8470, 0, 0, 0, 0, 0, 68150, 94235]

same for p=3
[1]
[2]
[0, 3]
[2, 3]
[1, 6]
[2, 0, 9]
[0, 6, 9]
[1, 3, 18]
[2, 6, 0, 22]
[2, 0, 18, 22]
[0, 3, 9, 44]
[2, 6, 18, 0, 51]
[0, 6, 0, 44, 51]
[2, 0, 9, 22, 102]
[0, 6, 18, 44, 0, 108]
[3, 0, 18, 0, 102, 108]
[2, 6, 0, 22, 51, 216]
[0, 0, 18, 44, 102, 0, 221]
[0, 9, 0, 44, 0, 216, 221]
[2, 6, 18, 0, 51, 108, 442]
[1, 0, 0, 44, 102, 216, 0, 429]
[2, 0, 27, 0, 102, 0, 442, 429]
[0, 6, 18, 44, 0, 108, 221, 858]
[2, 3, 0, 0, 102, 216, 442, 0, 810]
[2, 6, 0, 66, 0, 216, 0, 858, 810]
[2, 0, 18, 44, 102, 0, 221, 429, 1620]
[0, 6, 9, 0, 0, 216, 442, 858, 0, 1479]
[0, 6, 18, 0, 153, 0, 442, 0, 1620, 1479]
[0, 6, 0, 44, 102, 216, 0, 429, 810, 2958]
[4, 0, 18, 22, 0, 0, 442, 858, 1620, 0, 2640]
[0, 0, 18, 44, 0, 324, 0, 858, 0, 2958, 2640]
[2, 0, 18, 0, 102, 216, 442, 0, 810, 1479, 5280]
[1, 12, 0, 44, 51, 0, 0, 858, 1620, 2958, 0, 4599]
[2, 0, 0, 44, 102, 0, 663, 0, 1620, 0, 5280, 4599]
[0, 6, 0, 44, 0, 216, 442, 858, 0, 1479, 2640, 9198]
[2, 3, 36, 0, 102, 108, 0, 0, 1620, 2958, 5280, 0, 7868]
[2, 6, 0, 0, 102, 216, 0, 1287, 0, 2958, 0, 9198, 7868]
[0, 0, 18, 0, 102, 0, 442, 858, 1620, 0, 2640, 4599, 15736]
[0, 6, 9, 88, 0, 216, 221, 0, 0, 2958, 5280, 9198, 0, 13209]
[1, 6, 18, 0, 0, 216, 442, 0, 2430, 0, 5280, 0, 15736, 13209]
[2, 0, 0, 44, 0, 216, 0, 858, 1620, 2958, 0, 4599, 7868, 26418]
[2, 0, 18, 22, 204, 0, 442, 429, 0, 0, 5280, 9198, 15736, 0, 21843]
[0, 3, 18, 44, 0, 0, 442, 858, 0, 4437, 0, 9198, 0, 26418, 21843]
[4, 6, 0, 0, 102, 0, 442, 0, 1620, 2958, 5280, 0, 7868, 13209, 43686]
[0, 6, 0, 44, 51, 432, 0, 858, 810, 0, 0, 9198, 15736, 26418, 0, 35581]
[2, 0, 9, 44, 102, 0, 0, 858, 1620, 0, 7920, 0, 15736, 0, 43686, 35581]
[0, 12, 18, 0, 0, 216, 0, 858, 0, 2958, 5280, 9198, 0, 13209, 21843, 71162]
[0, 0, 18, 0, 102, 108, 884, 0, 1620, 1479, 0, 0, 15736, 26418, 43686, 0, 57222]
[2, 6, 0, 22, 102, 216, 0, 0, 1620, 2958, 0, 13797, 0, 26418, 0, 71162, 57222]

For p=4, there is a pattern of non-monoticity, which would follow from the fact that c_4(4k) >= c_4(4k+1)

[1]
[2]
[3]
[1, 4]
[3, 4]
[3, 8]
[3, 12]
[4, 4, 14]
[4, 12, 14]
[2, 12, 28]
[2, 12, 42]
[7, 16, 14, 40]
[3, 16, 42, 40]
[5, 8, 42, 80]
[6, 8, 42, 120]
[2, 28, 56, 40, 105]
[4, 12, 56, 120, 105]
[7, 20, 28, 120, 210]
[3, 24, 28, 120, 315]
[4, 8, 98, 160, 105, 252]
[7, 16, 42, 160, 315, 252]
[5, 28, 70, 80, 315, 504]
[8, 12, 84, 80, 315, 756]
[5, 16, 28, 280, 420, 252, 574]
[4, 28, 56, 120, 420, 756, 574]
[4, 20, 98, 200, 210, 756, 1148]
[8, 32, 42, 240, 210, 756, 1722]
[5, 20, 56, 80, 735, 1008, 574, 1240]
[6, 16, 98, 160, 315, 1008, 1722, 1240]
[7, 16, 70, 280, 525, 504, 1722, 2480]
[2, 32, 112, 120, 630, 504, 1722, 3720]
[9, 20, 70, 160, 210, 1764, 2296, 1240, 2580]
[11, 24, 56, 280, 420, 756, 2296, 3720, 2580]
[3, 28, 56, 200, 735, 1260, 1148, 3720, 5160]
[8, 8, 112, 320, 315, 1512, 1148, 3720, 7740]
[9, 36, 70, 200, 420, 504, 4018, 4960, 2580, 5180]
[4, 44, 84, 160, 735, 1008, 1722, 4960, 7740, 5180]
[6, 12, 98, 160, 525, 1764, 2870, 2480, 7740, 10360]
[5, 32, 28, 320, 840, 756, 3444, 2480, 7740, 15540]
[7, 36, 126, 200, 525, 1008, 1148, 8680, 10320, 5180, 10108]
[5, 16, 154, 240, 420, 1764, 2296, 3720, 10320, 15540, 10108]
[14, 24, 42, 280, 420, 1260, 4018, 6200, 5160, 15540, 20216]
[7, 20, 112, 80, 840, 2016, 1722, 7440, 5160, 15540, 30324]
[4, 28, 126, 360, 525, 1260, 2296, 2480, 18060, 20720, 10108, 19208]
[10, 20, 56, 440, 630, 1008, 4018, 4960, 7740, 20720, 30324, 19208]
[5, 56, 84, 120, 735, 1008, 2870, 8680, 12900, 10360, 30324, 38416]
[10, 28, 70, 320, 210, 2016, 4592, 3720, 15480, 10360, 30324, 57624]
[11, 16, 98, 360, 945, 1260, 2870, 4960, 5160, 36260, 40432, 19208, 35693]
[3, 40, 70, 160, 1155, 1512, 2296, 8680, 10320, 15540, 40432, 57624, 35693]



this is p=5
[1]
[2]
[3]
[5]
[2, 5]
[6, 5]
[5, 10]
[7, 15]
[5, 25]
[12, 10, 20]
[6, 30, 20]
[12, 25, 40]
[6, 35, 60]
[10, 25, 100]
[11, 60, 40, 65]
[16, 30, 120, 65]
[7, 60, 100, 130]
[20, 30, 140, 195]
[15, 50, 100, 325]
[12, 55, 240, 130, 190]
[12, 80, 120, 390, 190]
[22, 35, 240, 325, 380]
[10, 100, 120, 455, 570]
[25, 75, 200, 325, 950]
[12, 60, 220, 780, 380, 506]
[20, 60, 320, 390, 1140, 506]
[18, 110, 140, 780, 950, 1012]
[30, 50, 400, 390, 1330, 1518]
[10, 125, 300, 650, 950, 2530]
[32, 60, 240, 715, 2280, 1012, 1265]
[21, 100, 240, 1040, 1140, 3036, 1265]
[24, 90, 440, 455, 2280, 2530, 2530]
[16, 150, 200, 1300, 1140, 3542, 3795]
[30, 50, 500, 975, 1900, 2530, 6325]
[21, 160, 240, 780, 2090, 6072, 2530, 2990]
[36, 105, 400, 780, 3040, 3036, 7590, 2990]
[20, 120, 360, 1430, 1330, 6072, 6325, 5980]
[24, 80, 600, 650, 3800, 3036, 8855, 8970]
[25, 150, 200, 1625, 2850, 5060, 6325, 14950]
[42, 105, 640, 780, 2280, 5566, 15180, 5980, 6765]
[12, 180, 420, 1300, 2280, 8096, 7590, 17940, 6765]
[42, 100, 480, 1170, 4180, 3542, 15180, 14950, 13530]
[36, 120, 320, 1950, 1900, 10120, 7590, 20930, 20295]
[35, 125, 600, 650, 4750, 7590, 12650, 14950, 33825]
[22, 210, 420, 2080, 2280, 6072, 13915, 35880, 13530, 14725]
[46, 60, 720, 1365, 3800, 6072, 20240, 17940, 40590, 14725]
[22, 210, 400, 1560, 3420, 11132, 8855, 35880, 33825, 29450]
[43, 180, 480, 1040, 5700, 5060, 25300, 17940, 47355, 44175]
[25, 175, 500, 1950, 1900, 12650, 18975, 29900, 33825, 73625]

p=6
[1]
[2]
[3]
[5]
[7]
[5, 6]
[9, 6]
[10, 12]
[12, 18]
[12, 30]
[14, 42]
[20, 30, 27]
[20, 54, 27]
[21, 60, 54]
[23, 72, 81]
[24, 72, 135]
[24, 84, 189]
[32, 120, 135, 98]
[29, 120, 243, 98]
[35, 126, 270, 196]
[36, 138, 324, 294]
[44, 144, 324, 490]
[47, 144, 378, 686]
[38, 192, 540, 490, 315]
[47, 174, 540, 882, 315]
[49, 210, 567, 980, 630]
[52, 216, 621, 1176, 945]
[55, 264, 648, 1176, 1575]
[58, 282, 648, 1372, 2205]
[59, 228, 864, 1960, 1575, 918]
[64, 282, 783, 1960, 2835, 918]
[66, 294, 945, 2058, 3150, 1836]
[71, 312, 972, 2254, 3780, 2754]
[70, 330, 1188, 2352, 3780, 4590]
[78, 348, 1269, 2352, 4410, 6426]
[79, 354, 1026, 3136, 6300, 4590, 2492]
[88, 384, 1269, 2842, 6300, 8262, 2492]
[87, 396, 1323, 3430, 6615, 9180, 4984]
[90, 426, 1404, 3528, 7245, 11016, 7476]
[85, 420, 1485, 4312, 7560, 11016, 12460]
[87, 468, 1566, 4606, 7560, 12852, 17444]
[111, 474, 1593, 3724, 10080, 18360, 12460, 6372]
[104, 528, 1728, 4606, 9135, 18360, 22428, 6372]
[102, 522, 1782, 4802, 11025, 19278, 24920, 12744]
[107, 540, 1917, 5096, 11340, 21114, 29904, 19116]
[112, 510, 1890, 5390, 13860, 22032, 29904, 31860]
[113, 522, 2106, 5684, 14805, 22032, 34888, 44604]
[121, 666, 2133, 5782, 11970, 29376, 49840, 31860, 15525]
[113, 624, 2376, 6272, 14805, 26622, 49840, 57348, 15525]

p=7
[1]
[2]
[3]
[5]
[7]
[11]
[8, 7]
[15, 7]
[16, 14]
[21, 21]
[21, 35]
[28, 49]
[24, 77]
[44, 56, 35]
[36, 105, 35]
[49, 112, 70]
[45, 147, 105]
[63, 147, 175]
[49, 196, 245]
[74, 168, 385]
[64, 308, 280, 140]
[85, 252, 525, 140]
[72, 343, 560, 280]
[105, 315, 735, 420]
[82, 441, 735, 700]
[133, 343, 980, 980]
[112, 518, 840, 1540]
[120, 448, 1540, 1120, 490]
[120, 595, 1260, 2100, 490]
[165, 504, 1715, 2240, 980]
[122, 735, 1575, 2940, 1470]
[180, 574, 2205, 2940, 2450]
[147, 931, 1715, 3920, 3430]
[186, 784, 2590, 3360, 5390]
[176, 840, 2240, 6160, 3920, 1547]
[225, 840, 2975, 5040, 7350, 1547]
[168, 1155, 2520, 6860, 7840, 3094]
[255, 854, 3675, 6300, 10290, 4641]
[210, 1260, 2870, 8820, 10290, 7735]
[245, 1029, 4655, 6860, 13720, 10829]
[224, 1302, 3920, 10360, 11760, 17017]
[324, 1232, 4200, 8960, 21560, 12376, 4522]
[219, 1575, 4200, 11900, 17640, 23205, 4522]
[338, 1176, 5775, 10080, 24010, 24752, 9044]
[276, 1785, 4270, 14700, 22050, 32487, 13566]
[341, 1470, 6300, 11480, 30870, 32487, 22610]
[294, 1715, 5145, 18620, 24010, 43316, 31654]
[385, 1568, 6510, 15680, 36260, 37128, 49742]
[288, 2268, 6160, 16800, 31360, 68068, 36176, 12405]

p=8
[1]
[2]
[3]
[5]
[7]
[11]
[15]
[14, 8]
[22, 8]
[26, 16]
[32, 24]
[37, 40]
[45, 56]
[47, 88]
[56, 120]
[75, 112, 44]
[77, 176, 44]
[89, 208, 88]
[102, 256, 132]
[111, 296, 220]
[124, 360, 308]
[142, 376, 484]
[147, 448, 660]
[167, 600, 616, 192]
[182, 616, 968, 192]
[196, 712, 1144, 384]
[210, 816, 1408, 576]
[242, 888, 1628, 960]
[249, 992, 1980, 1344]
[288, 1136, 2068, 2112]
[322, 1176, 2464, 2880]
[299, 1336, 3300, 2688, 726]
[349, 1456, 3388, 4224, 726]
[382, 1568, 3916, 4992, 1452]
[393, 1680, 4488, 6144, 2178]
[423, 1936, 4884, 7104, 3630]
[467, 1992, 5456, 8640, 5082]
[453, 2304, 6248, 9024, 7986]
[499, 2576, 6468, 10752, 10890]
[570, 2392, 7348, 14400, 10164, 2464]
[563, 2792, 8008, 14784, 15972, 2464]
[602, 3056, 8624, 17088, 18876, 4928]
[669, 3144, 9240, 19584, 23232, 7392]
[649, 3384, 10648, 21312, 26862, 12320]
[716, 3736, 10956, 23808, 32670, 17248]
[772, 3624, 12672, 27264, 34122, 27104]
[754, 3992, 14168, 28224, 40656, 36960]
[843, 4560, 13156, 32064, 54450, 34496, 7704]
[907, 4504, 15356, 34944, 55902, 54208, 7704]



p=11 (1-49)
[1]
[2]
[3]
[5]
[7]
[11]
[15]
[22]
[30]
[42]
[45, 11]
[66, 11]
[79, 22]
[102, 33]
[121, 55]
[154, 77]
[176, 121]
[220, 165]
[248, 242]
[297, 330]
[330, 462]
[430, 495, 77]
[452, 726, 77]
[552, 869, 154]
[605, 1122, 231]
[720, 1331, 385]
[777, 1694, 539]
[935, 1936, 847]
[990, 2420, 1155]
[1182, 2728, 1694]
[1265, 3267, 2310]
[1485, 3630, 3234]
[1530, 4730, 3465, 418]
[1838, 4972, 5082, 418]
[1892, 6072, 6083, 836]
[2214, 6655, 7854, 1254]
[2310, 7920, 9317, 2090]
[2684, 8547, 11858, 2926]
[2750, 10285, 13552, 4598]
[3238, 10890, 16940, 6270]
[3289, 13002, 19096, 9196]
[3850, 13915, 22869, 12540]
[3960, 16335, 25410, 17556]
[4500, 16830, 33110, 18810, 1925]
[4599, 20218, 34804, 27588, 1925]
[5370, 20812, 42504, 33022, 3850]
[5404, 24354, 46585, 42636, 5775]
[6220, 25410, 55440, 50578, 9625]
[6325, 29524, 59829, 64372, 13475]


p=11 (1-74)

[1]
[2]
[3]
[5]
[7]
[11]
[15]
[22]
[30]
[42]
[45, 11]
[66, 11]
[79, 22]
[102, 33]
[121, 55]
[154, 77]
[176, 121]
[220, 165]
[248, 242]
[297, 330]
[330, 462]
[430, 495, 77]
[452, 726, 77]
[552, 869, 154]
[605, 1122, 231]
[720, 1331, 385]
[777, 1694, 539]
[935, 1936, 847]
[990, 2420, 1155]
[1182, 2728, 1694]
[1265, 3267, 2310]
[1485, 3630, 3234]
[1530, 4730, 3465, 418]
[1838, 4972, 5082, 418]
[1892, 6072, 6083, 836]
[2214, 6655, 7854, 1254]
[2310, 7920, 9317, 2090]
[2684, 8547, 11858, 2926]
[2750, 10285, 13552, 4598]
[3238, 10890, 16940, 6270]
[3289, 13002, 19096, 9196]
[3850, 13915, 22869, 12540]
[3960, 16335, 25410, 17556]
[4500, 16830, 33110, 18810, 1925]
[4599, 20218, 34804, 27588, 1925]
[5370, 20812, 42504, 33022, 3850]
[5404, 24354, 46585, 42636, 5775]
[6220, 25410, 55440, 50578, 9625]
[6325, 29524, 59829, 64372, 13475]
[7238, 30250, 71995, 73568, 21175]
[7260, 35618, 76230, 91960, 28875]
[8382, 36179, 91014, 103664, 42350]
[8280, 42350, 97405, 124146, 57750]
[9460, 43560, 114345, 137940, 80850]
[9747, 49500, 117810, 179740, 86625, 7854]
[10868, 50589, 141526, 188936, 127050, 7854]
[10881, 59070, 145684, 230736, 152075, 15708]
[12496, 59444, 170478, 252890, 196350, 23562]
[12375, 68420, 177870, 300960, 232925, 39270]
[14010, 69575, 206668, 324786, 296450, 54978]
[14113, 79618, 211750, 390830, 338800, 86394]
[15840, 79860, 249326, 413820, 423500, 117810]
[15780, 92202, 253253, 494076, 477400, 172788]
[17985, 91080, 296450, 528770, 571725, 235620]
[17730, 104060, 304920, 620730, 635250, 329868]
[19900, 107217, 346500, 639540, 827750, 353430, 29183]
[20087, 119548, 354123, 768284, 870100, 518364, 29183]
[22266, 119691, 413490, 790856, 1062600, 620466, 58366]
[22047, 137456, 416108, 925452, 1164625, 801108, 87549]
[25074, 136125, 478940, 965580, 1386000, 950334, 145915]
[24636, 154110, 487025, 1121912, 1495725, 1209516, 204281]
[27522, 155243, 557326, 1149500, 1799875, 1382304, 321013]
[27570, 174240, 559020, 1353484, 1905750, 1727880, 437745]
[30536, 173580, 645414, 1374802, 2275350, 1947792, 642026]



Even more raw:
Data (at least one empty partition in the quotient)
(1, 2, 1, 1)
(2, 2, 2, 2)
(3, 2, 3, 3)
(4, 2, 5, 4)
(5, 2, 7, 6)
(6, 2, 11, 7)
(7, 2, 15, 10)
(8, 2, 22, 12)
(9, 2, 30, 16)
(10, 2, 42, 19)
(11, 2, 56, 24)
(12, 2, 77, 30)
(13, 2, 101, 36)
(14, 2, 135, 44)
(15, 2, 176, 53)
(16, 2, 231, 64)
(17, 2, 297, 76)
(18, 2, 385, 92)
(19, 2, 490, 108)
(20, 2, 627, 128)
(21, 2, 792, 151)
(22, 2, 1002, 178)
(23, 2, 1255, 208)
(24, 2, 1575, 244)
(25, 2, 1958, 284)
(26, 2, 2436, 330)
(27, 2, 3010, 384)
(28, 2, 3718, 443)
(29, 2, 4565, 512)
(30, 2, 5604, 592)
(31, 2, 6842, 680)
(32, 2, 8349, 780)
(33, 2, 10143, 896)
(34, 2, 12310, 1024)
(35, 2, 14883, 1170)
(36, 2, 17977, 1335)
(37, 2, 21637, 1520)
(38, 2, 26015, 1728)
(39, 2, 31185, 1964)
(40, 2, 37338, 2226)
(41, 2, 44583, 2520)
(42, 2, 53174, 2852)
(43, 2, 63261, 3220)
(44, 2, 75175, 3632)
(45, 2, 89134, 4095)
(46, 2, 105558, 4608)
(47, 2, 124754, 5180)
(48, 2, 147273, 5820)
(49, 2, 173525, 6528)
(50, 2, 204226, 7316)
Same but n=3
(1, 3, 1, 1)
(2, 3, 2, 2)
(3, 3, 3, 3)
(4, 3, 5, 5)
(5, 3, 7, 7)
(6, 3, 11, 11)
(7, 3, 15, 15)
(8, 3, 22, 22)
(9, 3, 30, 29)
(10, 3, 42, 41)
(11, 3, 56, 54)
(12, 3, 77, 71)
(13, 3, 101, 93)
(14, 3, 135, 122)
(15, 3, 176, 153)
(16, 3, 231, 198)
(17, 3, 297, 248)
(18, 3, 385, 312)
(19, 3, 490, 387)
(20, 3, 627, 482)
(21, 3, 792, 592)
(22, 3, 1002, 728)
(23, 3, 1255, 885)
(24, 3, 1575, 1082)
(25, 3, 1958, 1304)
(26, 3, 2436, 1577)
(27, 3, 3010, 1893)
(28, 3, 3718, 2271)
(29, 3, 4565, 2706)
(30, 3, 5604, 3232)
(31, 3, 6842, 3828)
(32, 3, 8349, 4541)
(33, 3, 10143, 5356)
(34, 3, 12310, 6320)
(35, 3, 14883, 7419)
(36, 3, 17977, 8714)
(37, 3, 21637, 10187)
(38, 3, 26015, 11913)
(39, 3, 31185, 13872)
(40, 3, 37338, 16159)
(41, 3, 44583, 18752)
(42, 3, 53174, 21758)
(43, 3, 63261, 25167)
(44, 3, 75175, 29107)
(45, 3, 89134, 33558)
(46, 3, 105558, 38690)
(47, 3, 124754, 44481)
(48, 3, 147273, 51126)
(49, 3, 173525, 58622)
(50, 3, 204226, 67196)

Data
(n, p, total partitions, partitions with empty p-quo, partitions with full p-quo)
(2, 2, 2, 0, 2)
(4, 2, 5, 0, 5)
(6, 2, 11, 1, 10)
(8, 2, 22, 0, 20)
(10, 2, 42, 1, 36)
(12, 2, 77, 0, 65)
(14, 2, 135, 0, 110)
(16, 2, 231, 0, 185)
(18, 2, 385, 0, 300)
(20, 2, 627, 0, 481)
(22, 2, 1002, 0, 752)
(24, 2, 1575, 0, 1165)
(26, 2, 2436, 0, 1770)
(28, 2, 3718, 1, 2665)
(30, 2, 5604, 0, 3956)
(32, 2, 8349, 0, 5822)
(34, 2, 12310, 0, 8470)
(36, 2, 17977, 1, 12230)
(38, 2, 26015, 0, 17490)
(40, 2, 37338, 0, 24842)
(42, 2, 53174, 0, 35002)
(44, 2, 75175, 0, 49010)
(46, 2, 105558, 0, 68150)
(48, 2, 147273, 0, 94235)
(50, 2, 204226, 0, 129512)
For n=3, see this paper https://www.ams.org/journals/tran/1996-348-01/S0002-9947-96-01481-X/S0002-9947-96-01481-X.pdf
(1, 3, 1, 1, 0)
(2, 3, 2, 2, 0)
(3, 3, 3, 0, 3)
(4, 3, 5, 2, 0)
(5, 3, 7, 1, 0)
(6, 3, 11, 2, 9)
(7, 3, 15, 0, 0)
(8, 3, 22, 1, 0)
(9, 3, 30, 2, 22)
(10, 3, 42, 2, 0)
(11, 3, 56, 0, 0)
(12, 3, 77, 2, 51)
(13, 3, 101, 0, 0)
(14, 3, 135, 2, 0)
(15, 3, 176, 0, 108)
(16, 3, 231, 3, 0)
(17, 3, 297, 2, 0)
(18, 3, 385, 0, 221)
(19, 3, 490, 0, 0)
(20, 3, 627, 2, 0)
(21, 3, 792, 1, 429)
(22, 3, 1002, 2, 0)
(23, 3, 1255, 0, 0)
(24, 3, 1575, 2, 810)
(25, 3, 1958, 2, 0)
(26, 3, 2436, 2, 0)
(27, 3, 3010, 0, 1479)
(28, 3, 3718, 0, 0)
(29, 3, 4565, 0, 0)
(30, 3, 5604, 4, 2640)
(31, 3, 6842, 0, 0)
(32, 3, 8349, 2, 0)
(33, 3, 10143, 1, 4599)
(34, 3, 12310, 2, 0)
(35, 3, 14883, 0, 0)
(36, 3, 17977, 2, 7868)
(37, 3, 21637, 2, 0)
(38, 3, 26015, 0, 0)
(39, 3, 31185, 0, 13209)
(40, 3, 37338, 1, 0)
(41, 3, 44583, 2, 0)
(42, 3, 53174, 2, 21843)
(43, 3, 63261, 0, 0)
(44, 3, 75175, 4, 0)
(45, 3, 89134, 0, 35581)
(46, 3, 105558, 2, 0)
(47, 3, 124754, 0, 0)
(48, 3, 147273, 0, 57222)
(49, 3, 173525, 2, 0)
(50, 3, 204226, 2, 0)
For n=4 see http://matwbn.icm.edu.pl/ksiazki/aa/aa80/aa8035.pdf
(1, 4, 1, 1, 0)
(2, 4, 2, 2, 0)
(3, 4, 3, 3, 0)
(4, 4, 5, 1, 4)
(5, 4, 7, 3, 0)
(6, 4, 11, 3, 0)
(7, 4, 15, 3, 0)
(8, 4, 22, 4, 14)
(9, 4, 30, 4, 0)
(10, 4, 42, 2, 0)
(11, 4, 56, 2, 0)
(12, 4, 77, 7, 40)
(13, 4, 101, 3, 0)
(14, 4, 135, 5, 0)
(15, 4, 176, 6, 0)
(16, 4, 231, 2, 105)
(17, 4, 297, 4, 0)
(18, 4, 385, 7, 0)
(19, 4, 490, 3, 0)
(20, 4, 627, 4, 252)
(21, 4, 792, 7, 0)
(22, 4, 1002, 5, 0)
(23, 4, 1255, 8, 0)
(24, 4, 1575, 5, 574)
(25, 4, 1958, 4, 0)
(26, 4, 2436, 4, 0)
(27, 4, 3010, 8, 0)
(28, 4, 3718, 5, 1240)
(29, 4, 4565, 6, 0)
(30, 4, 5604, 7, 0)
(31, 4, 6842, 2, 0)
(32, 4, 8349, 9, 2580)
(33, 4, 10143, 11, 0)
(34, 4, 12310, 3, 0)
(35, 4, 14883, 8, 0)
(36, 4, 17977, 9, 5180)
(37, 4, 21637, 4, 0)
(38, 4, 26015, 6, 0)
(39, 4, 31185, 5, 0)
(40, 4, 37338, 7, 10108)
(41, 4, 44583, 5, 0)
(42, 4, 53174, 14, 0)
(43, 4, 63261, 7, 0)
(44, 4, 75175, 4, 19208)
(45, 4, 89134, 10, 0)
(46, 4, 105558, 5, 0)
(47, 4, 124754, 10, 0)
(48, 4, 147273, 11, 35693)
(49, 4, 173525, 3, 0)
(50, 4, 204226, 9, 0)
for n=5
(1, 5, 1, 1, 0)
(2, 5, 2, 2, 0)
(3, 5, 3, 3, 0)
(4, 5, 5, 5, 0)
(5, 5, 7, 2, 0)
(6, 5, 11, 6, 0)
(7, 5, 15, 5, 0)
(8, 5, 22, 7, 0)
(9, 5, 30, 5, 0)
(10, 5, 42, 12, 0)
(11, 5, 56, 6, 0)
(12, 5, 77, 12, 0)
(13, 5, 101, 6, 0)
(14, 5, 135, 10, 0)
(15, 5, 176, 11, 0)
(16, 5, 231, 16, 0)
(17, 5, 297, 7, 0)
(18, 5, 385, 20, 0)
(19, 5, 490, 15, 0)
(20, 5, 627, 12, 0)
(21, 5, 792, 12, 0)
(22, 5, 1002, 22, 0)
(23, 5, 1255, 10, 0)
(24, 5, 1575, 25, 0)
(25, 5, 1958, 12, 0)
(26, 5, 2436, 20, 0)
(27, 5, 3010, 18, 0)
(28, 5, 3718, 30, 0)
(29, 5, 4565, 10, 0)
(30, 5, 5604, 32, 0)
(31, 5, 6842, 21, 0)
(32, 5, 8349, 24, 0)
(33, 5, 10143, 16, 0)
(34, 5, 12310, 30, 0)
(35, 5, 14883, 21, 0)
(36, 5, 17977, 36, 0)
(37, 5, 21637, 20, 0)
(38, 5, 26015, 24, 0)
(39, 5, 31185, 25, 0)
(40, 5, 37338, 42, 0)
(41, 5, 44583, 12, 0)
(42, 5, 53174, 42, 0)
(43, 5, 63261, 36, 0)
(44, 5, 75175, 35, 0)
(45, 5, 89134, 22, 0)
(46, 5, 105558, 46, 0)
(47, 5, 124754, 22, 0)
(48, 5, 147273, 43, 0)
(49, 5, 173525, 25, 0)
(50, 5, 204226, 32, 0)